[cheekyrapide]
profile-id = 233458127
post-timestamp = 2024-01-21T01:59:08.000000-0500

[mrscheekyrapide]
profile-id = 244081089
post-timestamp = 2024-01-23T17:42:28.000000-0500

