[cheekyrapide]
profile-id = 233458127
post-timestamp = 2024-01-07T00:20:35.000000-0500

[mrscheekyrapide]
profile-id = 244081089
post-timestamp = 2024-01-12T17:00:54.000000-0500

